Markov Chain Monte Carlo (MCMC) output:
Start = 1001 
End = 2000 
Thinning interval = 1 
        beta.(Intercept)    beta.X   beta.Y   beta.Roads beta.Waterways beta.Elevation   beta.Slope
   [1,]         13.61030 -1.449777 4.202925 -0.009134187   -0.004206835   0.0008272889 1.361280e-04
   [2,]         13.61030 -1.449777 4.202925 -0.009134187   -0.004206835   0.0008272889 1.361280e-04
   [3,]         13.84480 -1.459666 4.226751 -0.009118006   -0.004210296   0.0008505334 1.395382e-04
   [4,]         13.84480 -1.459666 4.226751 -0.009118006   -0.004210296   0.0008505334 1.395382e-04
   [5,]         12.75216 -1.452625 4.242153 -0.009119026   -0.004205580   0.0008430303 1.502363e-04
   [6,]         12.75216 -1.452625 4.242153 -0.009119026   -0.004205580   0.0008430303 1.502363e-04
   [7,]         12.39516 -1.451617 4.251451 -0.009128009   -0.004229348   0.0008408976 1.507372e-04
   [8,]         13.50910 -1.461272 4.243872 -0.009131697   -0.004253101   0.0008394264 1.535515e-04
   [9,]         13.50910 -1.461272 4.243872 -0.009131697   -0.004253101   0.0008394264 1.535515e-04
  [10,]         13.02518 -1.456570 4.245466 -0.009106106   -0.004270020   0.0008435206 1.488234e-04
  [11,]         13.02518 -1.456570 4.245466 -0.009106106   -0.004270020   0.0008435206 1.488234e-04
  [12,]         13.02100 -1.452836 4.233488 -0.009104196   -0.004263016   0.0008311569 1.571278e-04
  [13,]         12.53411 -1.442874 4.218196 -0.009116939   -0.004246339   0.0008303759 1.373266e-04
  [14,]         11.69677 -1.439973 4.238208 -0.009109365   -0.004220839   0.0008120883 1.358401e-04
  [15,]         11.55442 -1.436557 4.231977 -0.009074314   -0.004203450   0.0007969034 1.405642e-04
  [16,]         11.37170 -1.433990 4.229972 -0.009068065   -0.004233410   0.0008100150 1.353500e-04
  [17,]         12.11201 -1.438772 4.219544 -0.009072288   -0.004228293   0.0008128403 1.399769e-04
  [18,]         11.41076 -1.432476 4.223407 -0.009090684   -0.004180519   0.0008268546 1.605913e-04
  [19,]         10.87909 -1.432285 4.241330 -0.009087665   -0.004194037   0.0008454379 1.705215e-04
  [20,]         11.23487 -1.439974 4.253976 -0.009073505   -0.004207143   0.0008264295 1.641889e-04
  [21,]         11.40378 -1.437729 4.240672 -0.009070477   -0.004210194   0.0008383028 1.682200e-04
  [22,]         11.40378 -1.437729 4.240672 -0.009070477   -0.004210194   0.0008383028 1.682200e-04
  [23,]         11.40378 -1.437729 4.240672 -0.009070477   -0.004210194   0.0008383028 1.682200e-04
  [24,]         11.40378 -1.437729 4.240672 -0.009070477   -0.004210194   0.0008383028 1.682200e-04
  [25,]         11.42777 -1.437895 4.240488 -0.009086599   -0.004194529   0.0008296098 1.636770e-04
  [26,]         11.42777 -1.437895 4.240488 -0.009086599   -0.004194529   0.0008296098 1.636770e-04
  [27,]         11.53105 -1.437648 4.236199 -0.009086849   -0.004203274   0.0008256923 1.236447e-04
  [28,]         11.53105 -1.437648 4.236199 -0.009086849   -0.004203274   0.0008256923 1.236447e-04
  [29,]         11.53105 -1.437648 4.236199 -0.009086849   -0.004203274   0.0008256923 1.236447e-04
  [30,]         11.61584 -1.442400 4.248851 -0.009093233   -0.004224966   0.0008147322 1.331211e-04
  [31,]         11.61584 -1.442400 4.248851 -0.009093233   -0.004224966   0.0008147322 1.331211e-04
  [32,]         11.61584 -1.442400 4.248851 -0.009093233   -0.004224966   0.0008147322 1.331211e-04
  [33,]         11.61584 -1.442400 4.248851 -0.009093233   -0.004224966   0.0008147322 1.331211e-04
  [34,]         11.61584 -1.442400 4.248851 -0.009093233   -0.004224966   0.0008147322 1.331211e-04
  [35,]         12.48355 -1.445449 4.228322 -0.009111538   -0.004230167   0.0008344023 1.291404e-04
  [36,]         12.48355 -1.445449 4.228322 -0.009111538   -0.004230167   0.0008344023 1.291404e-04
  [37,]         11.88565 -1.440536 4.233285 -0.009083845   -0.004231014   0.0008219693 1.312122e-04
  [38,]         11.88565 -1.440536 4.233285 -0.009083845   -0.004231014   0.0008219693 1.312122e-04
  [39,]         11.88565 -1.440536 4.233285 -0.009083845   -0.004231014   0.0008219693 1.312122e-04
  [40,]         11.88565 -1.440536 4.233285 -0.009083845   -0.004231014   0.0008219693 1.312122e-04
  [41,]         11.88565 -1.440536 4.233285 -0.009083845   -0.004231014   0.0008219693 1.312122e-04
  [42,]         12.07670 -1.441115 4.228312 -0.009081079   -0.004217656   0.0008209775 1.607899e-04
  [43,]         12.07670 -1.441115 4.228312 -0.009081079   -0.004217656   0.0008209775 1.607899e-04
  [44,]         12.07670 -1.441115 4.228312 -0.009081079   -0.004217656   0.0008209775 1.607899e-04
  [45,]         12.34707 -1.443767 4.227350 -0.009084276   -0.004198180   0.0008241370 1.787186e-04
  [46,]         12.34707 -1.443767 4.227350 -0.009084276   -0.004198180   0.0008241370 1.787186e-04
  [47,]         12.34707 -1.443767 4.227350 -0.009084276   -0.004198180   0.0008241370 1.787186e-04
  [48,]         12.34707 -1.443767 4.227350 -0.009084276   -0.004198180   0.0008241370 1.787186e-04
  [49,]         12.54701 -1.448332 4.235278 -0.009054771   -0.004170728   0.0008072669 1.599006e-04
  [50,]         12.71758 -1.442708 4.211123 -0.009074586   -0.004192127   0.0007994938 1.470639e-04
  [51,]         12.07245 -1.438475 4.220095 -0.009070139   -0.004214900   0.0007738576 1.405004e-04
  [52,]         12.07245 -1.438475 4.220095 -0.009070139   -0.004214900   0.0007738576 1.405004e-04
  [53,]         12.09492 -1.442381 4.231923 -0.009074328   -0.004208274   0.0007931473 1.430155e-04
  [54,]         12.09492 -1.442381 4.231923 -0.009074328   -0.004208274   0.0007931473 1.430155e-04
  [55,]         12.11647 -1.439001 4.220210 -0.009085075   -0.004232160   0.0008037549 1.337903e-04
  [56,]         11.75995 -1.436218 4.223639 -0.009096082   -0.004222860   0.0008077642 1.386013e-04
  [57,]         12.53234 -1.441686 4.214293 -0.009091654   -0.004200596   0.0008250276 1.287996e-04
  [58,]         12.53234 -1.441686 4.214293 -0.009091654   -0.004200596   0.0008250276 1.287996e-04
  [59,]         12.52093 -1.439293 4.206944 -0.009091499   -0.004188801   0.0008119227 1.288777e-04
  [60,]         12.08813 -1.440528 4.226042 -0.009101443   -0.004160239   0.0008356539 1.195507e-04
  [61,]         12.08813 -1.440528 4.226042 -0.009101443   -0.004160239   0.0008356539 1.195507e-04
  [62,]         12.08813 -1.440528 4.226042 -0.009101443   -0.004160239   0.0008356539 1.195507e-04
  [63,]         12.08813 -1.440528 4.226042 -0.009101443   -0.004160239   0.0008356539 1.195507e-04
  [64,]         12.08813 -1.440528 4.226042 -0.009101443   -0.004160239   0.0008356539 1.195507e-04
  [65,]         12.08813 -1.440528 4.226042 -0.009101443   -0.004160239   0.0008356539 1.195507e-04
  [66,]         12.08813 -1.440528 4.226042 -0.009101443   -0.004160239   0.0008356539 1.195507e-04
  [67,]         12.08813 -1.440528 4.226042 -0.009101443   -0.004160239   0.0008356539 1.195507e-04
  [68,]         11.86508 -1.439148 4.229337 -0.009087978   -0.004178119   0.0008314416 1.278350e-04
  [69,]         11.86508 -1.439148 4.229337 -0.009087978   -0.004178119   0.0008314416 1.278350e-04
  [70,]         12.26569 -1.445409 4.235653 -0.009086942   -0.004184558   0.0008440239 1.270715e-04
  [71,]         11.77980 -1.442822 4.244242 -0.009092503   -0.004170131   0.0008510722 1.232422e-04
  [72,]         12.38669 -1.447145 4.237030 -0.009105940   -0.004187401   0.0008443466 1.304943e-04
  [73,]         12.38669 -1.447145 4.237030 -0.009105940   -0.004187401   0.0008443466 1.304943e-04
  [74,]         11.71902 -1.440798 4.239607 -0.009071842   -0.004158199   0.0008431436 1.529144e-04
  [75,]         11.71902 -1.440798 4.239607 -0.009071842   -0.004158199   0.0008431436 1.529144e-04
  [76,]         11.71902 -1.440798 4.239607 -0.009071842   -0.004158199   0.0008431436 1.529144e-04
  [77,]         11.71902 -1.440798 4.239607 -0.009071842   -0.004158199   0.0008431436 1.529144e-04
  [78,]         12.74117 -1.446461 4.222111 -0.009063034   -0.004150791   0.0008401943 1.648717e-04
  [79,]         12.32287 -1.445891 4.235038 -0.009057696   -0.004166616   0.0008453835 1.594870e-04
  [80,]         12.29362 -1.446784 4.239019 -0.009076637   -0.004165342   0.0008518588 1.479695e-04
  [81,]         12.29362 -1.446784 4.239019 -0.009076637   -0.004165342   0.0008518588 1.479695e-04
  [82,]         12.29362 -1.446784 4.239019 -0.009076637   -0.004165342   0.0008518588 1.479695e-04
  [83,]         12.29362 -1.446784 4.239019 -0.009076637   -0.004165342   0.0008518588 1.479695e-04
  [84,]         12.29362 -1.446784 4.239019 -0.009076637   -0.004165342   0.0008518588 1.479695e-04
  [85,]         12.40334 -1.445516 4.231162 -0.009073613   -0.004198642   0.0008526021 1.194636e-04
  [86,]         12.40334 -1.445516 4.231162 -0.009073613   -0.004198642   0.0008526021 1.194636e-04
  [87,]         12.40334 -1.445516 4.231162 -0.009073613   -0.004198642   0.0008526021 1.194636e-04
  [88,]         12.68903 -1.448170 4.229940 -0.009098700   -0.004173004   0.0008288561 1.117796e-04
  [89,]         12.68903 -1.448170 4.229940 -0.009098700   -0.004173004   0.0008288561 1.117796e-04
  [90,]         12.68903 -1.448170 4.229940 -0.009098700   -0.004173004   0.0008288561 1.117796e-04
  [91,]         11.90806 -1.440319 4.231903 -0.009097601   -0.004169443   0.0008155812 8.994448e-05
  [92,]         11.90806 -1.440319 4.231903 -0.009097601   -0.004169443   0.0008155812 8.994448e-05
  [93,]         11.79575 -1.436857 4.224564 -0.009141183   -0.004148855   0.0008074147 1.119449e-04
  [94,]         11.55464 -1.437613 4.235448 -0.009133649   -0.004139159   0.0008152621 1.012455e-04
  [95,]         11.11991 -1.436124 4.245938 -0.009140876   -0.004205893   0.0008302710 1.036929e-04
  [96,]         11.22108 -1.434909 4.238359 -0.009144639   -0.004219690   0.0008426727 1.052133e-04
  [97,]         11.22108 -1.434909 4.238359 -0.009144639   -0.004219690   0.0008426727 1.052133e-04
  [98,]         11.64487 -1.434973 4.223666 -0.009133012   -0.004239991   0.0008469709 1.032024e-04
  [99,]         11.90857 -1.435317 4.215638 -0.009157286   -0.004202628   0.0008352753 9.414529e-05
 [100,]         11.90857 -1.435317 4.215638 -0.009157286   -0.004202628   0.0008352753 9.414529e-05
 [101,]         11.90857 -1.435317 4.215638 -0.009157286   -0.004202628   0.0008352753 9.414529e-05
 [102,]         11.90857 -1.435317 4.215638 -0.009157286   -0.004202628   0.0008352753 9.414529e-05
 [103,]         12.18474 -1.437615 4.213273 -0.009130085   -0.004232896   0.0008379300 1.149074e-04
 [104,]         12.18474 -1.437615 4.213273 -0.009130085   -0.004232896   0.0008379300 1.149074e-04
 [105,]         12.18474 -1.437615 4.213273 -0.009130085   -0.004232896   0.0008379300 1.149074e-04
 [106,]         11.85624 -1.437107 4.223287 -0.009142725   -0.004244390   0.0008276723 1.177642e-04
 [107,]         11.85624 -1.437107 4.223287 -0.009142725   -0.004244390   0.0008276723 1.177642e-04
 [108,]         11.67131 -1.441739 4.244815 -0.009141525   -0.004225246   0.0008308067 1.154528e-04
 [109,]         11.67131 -1.441739 4.244815 -0.009141525   -0.004225246   0.0008308067 1.154528e-04
 [110,]         11.67131 -1.441739 4.244815 -0.009141525   -0.004225246   0.0008308067 1.154528e-04
 [111,]         11.67131 -1.441739 4.244815 -0.009141525   -0.004225246   0.0008308067 1.154528e-04
 [112,]         11.79806 -1.439066 4.231761 -0.009131446   -0.004254453   0.0008152654 1.214533e-04
 [113,]         11.79806 -1.439066 4.231761 -0.009131446   -0.004254453   0.0008152654 1.214533e-04
 [114,]         11.94232 -1.436929 4.219760 -0.009148594   -0.004215664   0.0008040140 1.146954e-04
 [115,]         11.94232 -1.436929 4.219760 -0.009148594   -0.004215664   0.0008040140 1.146954e-04
 [116,]         11.94232 -1.436929 4.219760 -0.009148594   -0.004215664   0.0008040140 1.146954e-04
 [117,]         11.92395 -1.435356 4.215231 -0.009135889   -0.004228467   0.0008073825 1.172960e-04
 [118,]         11.92395 -1.435356 4.215231 -0.009135889   -0.004228467   0.0008073825 1.172960e-04
 [119,]         12.21938 -1.437630 4.212156 -0.009133505   -0.004245747   0.0008266381 1.280463e-04
 [120,]         12.04138 -1.433910 4.206351 -0.009122712   -0.004248746   0.0008282581 1.088914e-04
 [121,]         12.04138 -1.433910 4.206351 -0.009122712   -0.004248746   0.0008282581 1.088914e-04
 [122,]         12.04138 -1.433910 4.206351 -0.009122712   -0.004248746   0.0008282581 1.088914e-04
 [123,]         12.04138 -1.433910 4.206351 -0.009122712   -0.004248746   0.0008282581 1.088914e-04
 [124,]         12.04138 -1.433910 4.206351 -0.009122712   -0.004248746   0.0008282581 1.088914e-04
 [125,]         12.04138 -1.433910 4.206351 -0.009122712   -0.004248746   0.0008282581 1.088914e-04
 [126,]         11.85793 -1.435614 4.218237 -0.009106365   -0.004267300   0.0008437837 1.178071e-04
 [127,]         11.85793 -1.435614 4.218237 -0.009106365   -0.004267300   0.0008437837 1.178071e-04
 [128,]         11.85793 -1.435614 4.218237 -0.009106365   -0.004267300   0.0008437837 1.178071e-04
 [129,]         11.85793 -1.435614 4.218237 -0.009106365   -0.004267300   0.0008437837 1.178071e-04
 [130,]         11.85793 -1.435614 4.218237 -0.009106365   -0.004267300   0.0008437837 1.178071e-04
 [131,]         13.29669 -1.443273 4.192727 -0.009115562   -0.004266801   0.0008474633 1.215655e-04
 [132,]         13.04143 -1.448057 4.217345 -0.009111771   -0.004284867   0.0008163135 1.347148e-04
 [133,]         13.04143 -1.448057 4.217345 -0.009111771   -0.004284867   0.0008163135 1.347148e-04
 [134,]         13.04143 -1.448057 4.217345 -0.009111771   -0.004284867   0.0008163135 1.347148e-04
 [135,]         13.04143 -1.448057 4.217345 -0.009111771   -0.004284867   0.0008163135 1.347148e-04
 [136,]         13.04143 -1.448057 4.217345 -0.009111771   -0.004284867   0.0008163135 1.347148e-04
 [137,]         13.04143 -1.448057 4.217345 -0.009111771   -0.004284867   0.0008163135 1.347148e-04
 [138,]         13.04143 -1.448057 4.217345 -0.009111771   -0.004284867   0.0008163135 1.347148e-04
 [139,]         13.04143 -1.448057 4.217345 -0.009111771   -0.004284867   0.0008163135 1.347148e-04
 [140,]         13.04143 -1.448057 4.217345 -0.009111771   -0.004284867   0.0008163135 1.347148e-04
 [141,]         13.04143 -1.448057 4.217345 -0.009111771   -0.004284867   0.0008163135 1.347148e-04
 [142,]         13.04143 -1.448057 4.217345 -0.009111771   -0.004284867   0.0008163135 1.347148e-04
 [ reached getOption("max.print") -- omitted 858 rows ]
